1 0.9801 0.919801 0.861416 0.804945 0.750389 0.697747 0.647019 0.598206 0.551306 0.506321 0.46325 0.422094 0.382852 0.345524 0.31011 0.27661 0.245025 0.215354 0.187597 0.161755 0.137827 0.115813 0.0957129 0.0775274 0.0612563 0.0468993 0.0344566 0.0239282 0.0153141 0.00861416 0.00382852 0.000957129 0 0 0 0 0 0 0 0 0 0 0 0 0 0 0 0 0 0 0 0 0 0 0 0 0 0 0 0 0 0 0 0 0 0 0.9801 0.960596 0.901497 0.844274 0.788927 0.735456 0.683862 0.634143 0.586301 0.540335 0.496245 0.454032 0.413694 0.375233 0.338648 0.303939 0.271106 0.240149 0.211068 0.183864 0.158536 0.135084 0.113508 0.0938082 0.0759846 0.0600373 0.045966 0.033771 0.0234521 0.0150093 0.00844274 0.00375233 0.000938082 0 0 0 0 0 0 0 0 0 0 0 0 0 0 0 0 0 0 0 0 0 0 0 0 0 0 0 0 0 0 0 0 0 0 0.919801 0.901497 0.846034 0.792331 0.740389 0.690209 0.641788 0.595129 0.55023 0.507092 0.465715 0.426098 0.388242 0.352147 0.317813 0.285239 0.254426 0.225374 0.198083 0.172552 0.148782 0.126773 0.106525 0.0880368 0.0713098 0.0563436 0.043138 0.0316932 0.0220092 0.0140859 0.00792331 0.00352147 0.000880368 0 0 0 0 0 0 0 0 0 0 0 0 0 0 0 0 0 0 0 0 0 0 0 0 0 0 0 0 0 0 0 0 0 0 0.861416 0.844274 0.792331 0.742038 0.693393 0.646397 0.60105 0.557353 0.515304 0.474904 0.436153 0.399051 0.363598 0.329794 0.29764 0.267134 0.238277 0.211068 0.185509 0.161599 0.139338 0.118726 0.0997628 0.0824486 0.0667834 0.0527671 0.0403998 0.0296815 0.0206122 0.0131918 0.00742038 0.00329794 0.000824486 0 0 0 0 0 0 0 0 0 0 0 0 0 0 0 0 0 0 0 0 0 0 0 0 0 0 0 0 0 0 0 0 0 0 0.804945 0.788927 0.740389 0.693393 0.647937 0.604022 0.561648 0.520815 0.481523 0.443771 0.407561 0.372891 0.339763 0.308175 0.278128 0.249621 0.222656 0.197232 0.173348 0.151006 0.130204 0.110943 0.0932228 0.0770437 0.0624054 0.0493079 0.0377514 0.0277357 0.0192609 0.012327 0.00693393 0.00308175 0.000770437 0 0 0 0 0 0 0 0 0 0 0 0 0 0 0 0 0 0 0 0 0 0 0 0 0 0 0 0 0 0 0 0 0 0 0.750389 0.735456 0.690209 0.646397 0.604022 0.563084 0.523582 0.485516 0.448887 0.413694 0.379938 0.347618 0.316735 0.287288 0.259277 0.232703 0.207565 0.183864 0.161599 0.140771 0.121379 0.103424 0.0869045 0.0718219 0.0581757 0.045966 0.0351927 0.0258559 0.0179555 0.0114915 0.00646397 0.00287288 0.000718219 0 0 0 0 0 0 0 0 0 0 0 0 0 0 0 0 0 0 0 0 0 0 0 0 0 0 0 0 0 0 0 0 0 0 0.697747 0.683862 0.641788 0.60105 0.561648 0.523582 0.486851 0.451456 0.417396 0.384672 0.353284 0.323232 0.294515 0.267134 0.241088 0.216378 0.193004 0.170965 0.150263 0.130895 0.112864 0.0961681 0.0808079 0.0667834 0.0540945 0.0427414 0.0327239 0.024042 0.0166958 0.0106853 0.0060105 0.00267134 0.000667834 0 0 0 0 0 0 0 0 0 0 0 0 0 0 0 0 0 0 0 0 0 0 0 0 0 0 0 0 0 0 0 0 0 0 0.647019 0.634143 0.595129 0.557353 0.520815 0.485516 0.451456 0.418634 0.38705 0.356706 0.3276 0.299732 0.273103 0.247712 0.22356 0.200647 0.178972 0.158536 0.139338 0.121379 0.104658 0.0891764 0.074933 0.0619281 0.0501617 0.039634 0.0303448 0.0222941 0.015482 0.00990849 0.00557353 0.00247712 0.000619281 0 0 0 0 0 0 0 0 0 0 0 0 0 0 0 0 0 0 0 0 0 0 0 0 0 0 0 0 0 0 0 0 0 0 0.598206 0.586301 0.55023 0.515304 0.481523 0.448887 0.417396 0.38705 0.35785 0.329794 0.302884 0.277119 0.252499 0.229024 0.206694 0.185509 0.16547 0.146575 0.128826 0.112222 0.0967626 0.0824486 0.0692797 0.057256 0.0463773 0.0366438 0.0280554 0.0206122 0.014314 0.00916096 0.00515304 0.00229024 0.00057256 0 0 0 0 0 0 0 0 0 0 0 0 0 0 0 0 0 0 0 0 0 0 0 0 0 0 0 0 0 0 0 0 0 0 0.551306 0.540335 0.507092 0.474904 0.443771 0.413694 0.384672 0.356706 0.329794 0.303939 0.279138 0.255393 0.232703 0.211068 0.190489 0.170965 0.152497 0.135084 0.118726 0.103424 0.0891764 0.0759846 0.0638482 0.0527671 0.0427414 0.033771 0.0258559 0.0189962 0.0131918 0.00844274 0.00474904 0.00211068 0.000527671 0 0 0 0 0 0 0 0 0 0 0 0 0 0 0 0 0 0 0 0 0 0 0 0 0 0 0 0 0 0 0 0 0 0 0.506321 0.496245 0.465715 0.436153 0.407561 0.379938 0.353284 0.3276 0.302884 0.279138 0.256361 0.234553 0.213715 0.193846 0.174946 0.157015 0.140054 0.124061 0.109038 0.0949845 0.0818999 0.0697845 0.0586384 0.0484615 0.0392538 0.0310153 0.0237461 0.0174461 0.0121154 0.00775383 0.00436153 0.00193846 0.000484615 0 0 0 0 0 0 0 0 0 0 0 0 0 0 0 0 0 0 0 0 0 0 0 0 0 0 0 0 0 0 0 0 0 0 0.46325 0.454032 0.426098 0.399051 0.372891 0.347618 0.323232 0.299732 0.277119 0.255393 0.234553 0.214601 0.195535 0.177356 0.160064 0.143658 0.12814 0.113508 0.0997628 0.0869045 0.074933 0.0638482 0.0536502 0.044339 0.0359146 0.028377 0.0217261 0.0159621 0.0110848 0.00709425 0.00399051 0.00177356 0.00044339 0 0 0 0 0 0 0 0 0 0 0 0 0 0 0 0 0 0 0 0 0 0 0 0 0 0 0 0 0 0 0 0 0 0 0.422094 0.413694 0.388242 0.363598 0.339763 0.316735 0.294515 0.273103 0.252499 0.232703 0.213715 0.195535 0.178163 0.161599 0.145843 0.130895 0.116755 0.103424 0.0908996 0.0791837 0.0682757 0.0581757 0.0488838 0.0403998 0.0327239 0.0258559 0.0197959 0.0145439 0.0101 0.00646397 0.00363598 0.00161599 0.000403998 0 0 0 0 0 0 0 0 0 0 0 0 0 0 0 0 0 0 0 0 0 0 0 0 0 0 0 0 0 0 0 0 0 0 0.382852 0.375233 0.352147 0.329794 0.308175 0.287288 0.267134 0.247712 0.229024 0.211068 0.193846 0.177356 0.161599 0.146575 0.132284 0.118726 0.105901 0.0938082 0.0824486 0.0718219 0.0619281 0.0527671 0.044339 0.0366438 0.0296815 0.0234521 0.0179555 0.0131918 0.00916096 0.00586301 0.00329794 0.00146575 0.000366438 0 0 0 0 0 0 0 0 0 0 0 0 0 0 0 0 0 0 0 0 0 0 0 0 0 0 0 0 0 0 0 0 0 0 0.345524 0.338648 0.317813 0.29764 0.278128 0.259277 0.241088 0.22356 0.206694 0.190489 0.174946 0.160064 0.145843 0.132284 0.119387 0.10715 0.0955754 0.0846619 0.0744099 0.0648193 0.0558901 0.0476223 0.040016 0.0330711 0.0267876 0.0211655 0.0162048 0.0119056 0.00826776 0.00529137 0.0029764 0.00132284 0.000330711 0 0 0 0 0 0 0 0 0 0 0 0 0 0 0 0 0 0 0 0 0 0 0 0 0 0 0 0 0 0 0 0 0 0 0.31011 0.303939 0.285239 0.267134 0.249621 0.232703 0.216378 0.200647 0.185509 0.170965 0.157015 0.143658 0.130895 0.118726 0.10715 0.0961681 0.0857795 0.0759846 0.0667834 0.0581757 0.0501617 0.0427414 0.0359146 0.0296815 0.024042 0.0189962 0.0145439 0.0106853 0.00742038 0.00474904 0.00267134 0.00118726 0.000296815 0 0 0 0 0 0 0 0 0 0 0 0 0 0 0 0 0 0 0 0 0 0 0 0 0 0 0 0 0 0 0 0 0 0 0.27661 0.271106 0.254426 0.238277 0.222656 0.207565 0.193004 0.178972 0.16547 0.152497 0.140054 0.12814 0.116755 0.105901 0.0955754 0.0857795 0.0765132 0.0677764 0.0595691 0.0518913 0.044743 0.0381242 0.032035 0.0264752 0.0214449 0.0169441 0.0129728 0.00953106 0.00661879 0.00423603 0.00238277 0.00105901 0.000264752 0 0 0 0 0 0 0 0 0 0 0 0 0 0 0 0 0 0 0 0 0 0 0 0 0 0 0 0 0 0 0 0 0 0 0.245025 0.240149 0.225374 0.211068 0.197232 0.183864 0.170965 0.158536 0.146575 0.135084 0.124061 0.113508 0.103424 0.0938082 0.0846619 0.0759846 0.0677764 0.0600373 0.0527671 0.045966 0.039634 0.033771 0.028377 0.0234521 0.0189962 0.0150093 0.0114915 0.00844274 0.00586301 0.00375233 0.00211068 0.000938082 0.000234521 0 0 0 0 0 0 0 0 0 0 0 0 0 0 0 0 0 0 0 0 0 0 0 0 0 0 0 0 0 0 0 0 0 0 0.215354 0.211068 0.198083 0.185509 0.173348 0.161599 0.150263 0.139338 0.128826 0.118726 0.109038 0.0997628 0.0908996 0.0824486 0.0744099 0.0667834 0.0595691 0.0527671 0.0463773 0.0403998 0.0348345 0.0296815 0.0249407 0.0206122 0.0166958 0.0131918 0.0101 0.00742038 0.00515304 0.00329794 0.00185509 0.000824486 0.000206122 0 0 0 0 0 0 0 0 0 0 0 0 0 0 0 0 0 0 0 0 0 0 0 0 0 0 0 0 0 0 0 0 0 0 0.187597 0.183864 0.172552 0.161599 0.151006 0.140771 0.130895 0.121379 0.112222 0.103424 0.0949845 0.0869045 0.0791837 0.0718219 0.0648193 0.0581757 0.0518913 0.045966 0.0403998 0.0351927 0.0303448 0.0258559 0.0217261 0.0179555 0.0145439 0.0114915 0.00879818 0.00646397 0.00448887 0.00287288 0.00161599 0.000718219 0.000179555 0 0 0 0 0 0 0 0 0 0 0 0 0 0 0 0 0 0 0 0 0 0 0 0 0 0 0 0 0 0 0 0 0 0 0.161755 0.158536 0.148782 0.139338 0.130204 0.121379 0.112864 0.104658 0.0967626 0.0891764 0.0818999 0.074933 0.0682757 0.0619281 0.0558901 0.0501617 0.044743 0.039634 0.0348345 0.0303448 0.0261646 0.0222941 0.0187332 0.015482 0.0125404 0.00990849 0.00758619 0.00557353 0.0038705 0.00247712 0.00139338 0.000619281 0.00015482 0 0 0 0 0 0 0 0 0 0 0 0 0 0 0 0 0 0 0 0 0 0 0 0 0 0 0 0 0 0 0 0 0 0 0.137827 0.135084 0.126773 0.118726 0.110943 0.103424 0.0961681 0.0891764 0.0824486 0.0759846 0.0697845 0.0638482 0.0581757 0.0527671 0.0476223 0.0427414 0.0381242 0.033771 0.0296815 0.0258559 0.0222941 0.0189962 0.0159621 0.0131918 0.0106853 0.00844274 0.00646397 0.00474904 0.00329794 0.00211068 0.00118726 0.000527671 0.000131918 0 0 0 0 0 0 0 0 0 0 0 0 0 0 0 0 0 0 0 0 0 0 0 0 0 0 0 0 0 0 0 0 0 0 0.115813 0.113508 0.106525 0.0997628 0.0932228 0.0869045 0.0808079 0.074933 0.0692797 0.0638482 0.0586384 0.0536502 0.0488838 0.044339 0.040016 0.0359146 0.032035 0.028377 0.0249407 0.0217261 0.0187332 0.0159621 0.0134126 0.0110848 0.00897865 0.00709425 0.00543153 0.00399051 0.00277119 0.00177356 0.000997628 0.00044339 0.000110848 0 0 0 0 0 0 0 0 0 0 0 0 0 0 0 0 0 0 0 0 0 0 0 0 0 0 0 0 0 0 0 0 0 0 0.0957129 0.0938082 0.0880368 0.0824486 0.0770437 0.0718219 0.0667834 0.0619281 0.057256 0.0527671 0.0484615 0.044339 0.0403998 0.0366438 0.0330711 0.0296815 0.0264752 0.0234521 0.0206122 0.0179555 0.015482 0.0131918 0.0110848 0.00916096 0.00742038 0.00586301 0.00448887 0.00329794 0.00229024 0.00146575 0.000824486 0.000366438 9.16096e-05 0 0 0 0 0 0 0 0 0 0 0 0 0 0 0 0 0 0 0 0 0 0 0 0 0 0 0 0 0 0 0 0 0 0 0.0775274 0.0759846 0.0713098 0.0667834 0.0624054 0.0581757 0.0540945 0.0501617 0.0463773 0.0427414 0.0392538 0.0359146 0.0327239 0.0296815 0.0267876 0.024042 0.0214449 0.0189962 0.0166958 0.0145439 0.0125404 0.0106853 0.00897865 0.00742038 0.0060105 0.00474904 0.00363598 0.00267134 0.00185509 0.00118726 0.000667834 0.000296815 7.42038e-05 0 0 0 0 0 0 0 0 0 0 0 0 0 0 0 0 0 0 0 0 0 0 0 0 0 0 0 0 0 0 0 0 0 0 0.0612563 0.0600373 0.0563436 0.0527671 0.0493079 0.045966 0.0427414 0.039634 0.0366438 0.033771 0.0310153 0.028377 0.0258559 0.0234521 0.0211655 0.0189962 0.0169441 0.0150093 0.0131918 0.0114915 0.00990849 0.00844274 0.00709425 0.00586301 0.00474904 0.00375233 0.00287288 0.00211068 0.00146575 0.000938082 0.000527671 0.000234521 5.86301e-05 0 0 0 0 0 0 0 0 0 0 0 0 0 0 0 0 0 0 0 0 0 0 0 0 0 0 0 0 0 0 0 0 0 0 0.0468993 0.045966 0.043138 0.0403998 0.0377514 0.0351927 0.0327239 0.0303448 0.0280554 0.0258559 0.0237461 0.0217261 0.0197959 0.0179555 0.0162048 0.0145439 0.0129728 0.0114915 0.0101 0.00879818 0.00758619 0.00646397 0.00543153 0.00448887 0.00363598 0.00287288 0.00219955 0.00161599 0.00112222 0.000718219 0.000403998 0.000179555 4.48887e-05 0 0 0 0 0 0 0 0 0 0 0 0 0 0 0 0 0 0 0 0 0 0 0 0 0 0 0 0 0 0 0 0 0 0 0.0344566 0.033771 0.0316932 0.0296815 0.0277357 0.0258559 0.024042 0.0222941 0.0206122 0.0189962 0.0174461 0.0159621 0.0145439 0.0131918 0.0119056 0.0106853 0.00953106 0.00844274 0.00742038 0.00646397 0.00557353 0.00474904 0.00399051 0.00329794 0.00267134 0.00211068 0.00161599 0.00118726 0.000824486 0.000527671 0.000296815 0.000131918 3.29794e-05 0 0 0 0 0 0 0 0 0 0 0 0 0 0 0 0 0 0 0 0 0 0 0 0 0 0 0 0 0 0 0 0 0 0 0.0239282 0.0234521 0.0220092 0.0206122 0.0192609 0.0179555 0.0166958 0.015482 0.014314 0.0131918 0.0121154 0.0110848 0.0101 0.00916096 0.00826776 0.00742038 0.00661879 0.00586301 0.00515304 0.00448887 0.0038705 0.00329794 0.00277119 0.00229024 0.00185509 0.00146575 0.00112222 0.000824486 0.00057256 0.000366438 0.000206122 9.16096e-05 2.29024e-05 0 0 0 0 0 0 0 0 0 0 0 0 0 0 0 0 0 0 0 0 0 0 0 0 0 0 0 0 0 0 0 0 0 0 0.0153141 0.0150093 0.0140859 0.0131918 0.012327 0.0114915 0.0106853 0.00990849 0.00916096 0.00844274 0.00775383 0.00709425 0.00646397 0.00586301 0.00529137 0.00474904 0.00423603 0.00375233 0.00329794 0.00287288 0.00247712 0.00211068 0.00177356 0.00146575 0.00118726 0.000938082 0.000718219 0.000527671 0.000366438 0.000234521 0.000131918 5.86301e-05 1.46575e-05 0 0 0 0 0 0 0 0 0 0 0 0 0 0 0 0 0 0 0 0 0 0 0 0 0 0 0 0 0 0 0 0 0 0 0.00861416 0.00844274 0.00792331 0.00742038 0.00693393 0.00646397 0.0060105 0.00557353 0.00515304 0.00474904 0.00436153 0.00399051 0.00363598 0.00329794 0.0029764 0.00267134 0.00238277 0.00211068 0.00185509 0.00161599 0.00139338 0.00118726 0.000997628 0.000824486 0.000667834 0.000527671 0.000403998 0.000296815 0.000206122 0.000131918 7.42038e-05 3.29794e-05 8.24486e-06 0 0 0 0 0 0 0 0 0 0 0 0 0 0 0 0 0 0 0 0 0 0 0 0 0 0 0 0 0 0 0 0 0 0 0.00382852 0.00375233 0.00352147 0.00329794 0.00308175 0.00287288 0.00267134 0.00247712 0.00229024 0.00211068 0.00193846 0.00177356 0.00161599 0.00146575 0.00132284 0.00118726 0.00105901 0.000938082 0.000824486 0.000718219 0.000619281 0.000527671 0.00044339 0.000366438 0.000296815 0.000234521 0.000179555 0.000131918 9.16096e-05 5.86301e-05 3.29794e-05 1.46575e-05 3.66438e-06 0 0 0 0 0 0 0 0 0 0 0 0 0 0 0 0 0 0 0 0 0 0 0 0 0 0 0 0 0 0 0 0 0 0 0.000957129 0.000938082 0.000880368 0.000824486 0.000770437 0.000718219 0.000667834 0.000619281 0.00057256 0.000527671 0.000484615 0.00044339 0.000403998 0.000366438 0.000330711 0.000296815 0.000264752 0.000234521 0.000206122 0.000179555 0.00015482 0.000131918 0.000110848 9.16096e-05 7.42038e-05 5.86301e-05 4.48887e-05 3.29794e-05 2.29024e-05 1.46575e-05 8.24486e-06 3.66438e-06 9.16096e-07 0 0 0 0 0 0 0 0 0 0 0 0 0 0 0 0 0 0 0 0 0 0 0 0 0 0 0 0 0 0 0 0 0 0 0 0 0 0 0 0 0 0 0 0 0 0 0 0 0 0 0 0 0 0 0 0 0 0 0 0 0 0 0 0 0 0 0 0 0 0 0 0 0 0 0 0 0 0 0 0 0 0 0 0 0 0 0 0 0 0 0 0 0 0 0 0 0 0 0 0 0 0 0 0 0 0 0 0 0 0 0 0 0 0 0 0 0 0 0 0 0 0 0 0 0 0 0 0 0 0 0 0 0 0 0 0 0 0 0 0 0 0 0 0 0 0 0 0 0 0 0 0 0 0 0 0 0 0 0 0 0 0 0 0 0 0 0 0 0 0 0 0 0 0 0 0 0 0 0 0 0 0 0 0 0 0 0 0 0 0 0 0 0 0 0 0 0 0 0 0 0 0 0 0 0 0 0 0 0 0 0 0 0 0 0 0 0 0 0 0 0 0 0 0 0 0 0 0 0 0 0 0 0 0 0 0 0 0 0 0 0 0 0 0 0 0 0 0 0 0 0 0 0 0 0 0 0 0 0 0 0 0 0 0 0 0 0 0 0 0 0 0 0 0 0 0 0 0 0 0 0 0 0 0 0 0 0 0 0 0 0 0 0 0 0 0 0 0 0 0 0 0 0 0 0 0 0 0 0 0 0 0 0 0 0 0 0 0 0 0 0 0 0 0 0 0 0 0 0 0 0 0 0 0 0 0 0 0 0 0 0 0 0 0 0 0 0 0 0 0 0 0 0 0 0 0 0 0 0 0 0 0 0 0 0 0 0 0 0 0 0 0 0 0 0 0 0 0 0 0 0 0 0 0 0 0 0 0 0 0 0 0 0 0 0 0 0 0 0 0 0 0 0 0 0 0 0 0 0 0 0 0 0 0 0 0 0 0 0 0 0 0 0 0 0 0 0 0 0 0 0 0 0 0 0 0 0 0 0 0 0 0 0 0 0 0 0 0 0 0 0 0 0 0 0 0 0 0 0 0 0 0 0 0 0 0 0 0 0 0 0 0 0 0 0 0 0 0 0 0 0 0 0 0 0 0 0 0 0 0 0 0 0 0 0 0 0 0 0 0 0 0 0 0 0 0 0 0 0 0 0 0 0 0 0 0 0 0 0 0 0 0 0 0 0 0 0 0 0 0 0 0 0 0 0 0 0 0 0 0 0 0 0 0 0 0 0 0 0 0 0 0 0 0 0 0 0 0 0 0 0 0 0 0 0 0 0 0 0 0 0 0 0 0 0 0 0 0 0 0 0 0 0 0 0 0 0 0 0 0 0 0 0 0 0 0 0 0 0 0 0 0 0 0 0 0 0 0 0 0 0 0 0 0 0 0 0 0 0 0 0 0 0 0 0 0 0 0 0 0 0 0 0 0 0 0 0 0 0 0 0 0 0 0 0 0 0 0 0 0 0 0 0 0 0 0 0 0 0 0 0 0 0 0 0 0 0 0 0 0 0 0 0 0 0 0 0 0 0 0 0 0 0 0 0 0 0 0 0 0 0 0 0 0 0 0 0 0 0 0 0 0 0 0 0 0 0 0 0 0 0 0 0 0 0 0 0 0 0 0 0 0 0 0 0 0 0 0 0 0 0 0 0 0 0 0 0 0 0 0 0 0 0 0 0 0 0 0 0 0 0 0 0 0 0 0 0 0 0 0 0 0 0 0 0 0 0 0 0 0 0 0 0 0 0 0 0 0 0 0 0 0 0 0 0 0 0 0 0 0 0 0 0 0 0 0 0 0 0 0 0 0 0 0 0 0 0 0 0 0 0 0 0 0 0 0 0 0 0 0 0 0 0 0 0 0 0 0 0 0 0 0 0 0 0 0 0 0 0 0 0 0 0 0 0 0 0 0 0 0 0 0 0 0 0 0 0 0 0 0 0 0 0 0 0 0 0 0 0 0 0 0 0 0 0 0 0 0 0 0 0 0 0 0 0 0 0 0 0 0 0 0 0 0 0 0 0 0 0 0 0 0 0 0 0 0 0 0 0 0 0 0 0 0 0 0 0 0 0 0 0 0 0 0 0 0 0 0 0 0 0 0 0 0 0 0 0 0 0 0 0 0 0 0 0 0 0 0 0 0 0 0 0 0 0 0 0 0 0 0 0 0 0 0 0 0 0 0 0 0 0 0 0 0 0 0 0 0 0 0 0 0 0 0 0 0 0 0 0 0 0 0 0 0 0 0 0 0 0 0 0 0 0 0 0 0 0 0 0 0 0 0 0 0 0 0 0 0 0 0 0 0 0 0 0 0 0 0 0 0 0 0 0 0 0 0 0 0 0 0 0 0 0 0 0 0 0 0 0 0 0 0 0 0 0 0 0 0 0 0 0 0 0 0 0 0 0 0 0 0 0 0 0 0 0 0 0 0 0 0 0 0 0 0 0 0 0 0 0 0 0 0 0 0 0 0 0 0 0 0 0 0 0 0 0 0 0 0 0 0 0 0 0 0 0 0 0 0 0 0 0 0 0 0 0 0 0 0 0 0 0 0 0 0 0 0 0 0 0 0 0 0 0 0 0 0 0 0 0 0 0 0 0 0 0 0 0 0 0 0 0 0 0 0 0 0 0 0 0 0 0 0 0 0 0 0 0 0 0 0 0 0 0 0 0 0 0 0 0 0 0 0 0 0 0 0 0 0 0 0 0 0 0 0 0 0 0 0 0 0 0 0 0 0 0 0 0 0 0 0 0 0 0 0 0 0 0 0 0 0 0 0 0 0 0 0 0 0 0 0 0 0 0 0 0 0 0 0 0 0 0 0 0 0 0 0 0 0 0 0 0 0 0 0 0 0 0 0 0 0 0 0 0 0 0 0 0 0 0 0 0 0 0 0 0 0 0 0 0 0 0 0 0 0 0 0 0 0 0 0 0 0 0 0 0 0 0 0 0 0 0 0 0 0 0 0 0 0 0 0 0 0 0 0 0 0 0 0 0 0 0 0 0 0 0 0 0 0 0 0 0 0 0 0 0 0 0 0 0 0 0 0 0 0 0 0 0 0 0 0 0 0 0 0 0 0 0 0 0 0 0 0 0 0 0 0 0 0 0 0 0 0 0 0 0 0 0 0 0 0 0 0 0 0 0 0 0 0 0 0 0 0 0 0 0 0 0 0 0 0 0 0 0 0 0 0 0 0 0 0 0 0 0 0 0 0 0 0 0 0 0 0 0 0 0 0 0 0 0 0 0 0 0 0 0 0 0 0 0 0 0 0 0 0 0 0 0 0 0 0 0 0 0 0 0 0 0 0 0 0 0 0 0 0 0 0 0 0 0 0 0 0 0 0 0 0 0 0 0 0 0 0 0 0 0 0 0 0 0 0 0 0 0 0 0 0 0 0 0 0 0 0 0 0 0 0 0 0 0 0 0 0 0 0 0 0 0 0 0 0 0 0 0 0 0 0 0 0 0 0 0 0 0 0 0 0 0 0 0 0 0 0 0 0 0 0 0 0 0 0 0 0 0 0 0 0 0 0 0 0 0 0 0 0 0 0 0 0 0 0 0 0 0 0 0 0 0 0 0 0 0 0 0 0 0 0 0 0 0 0 0 0 0 0 0 0 0 0 0 0 0 0 0 0 0 0 0 0 0 0 0 0 0 0 0 0 0 0 0 0 0 0 0 0 0 0 0 0 0 0 0 0 0 0 0 0 0 0 0 0 0 0 0 0 0 0 0 0 0 0 0 0 0 0 0 0 0 0 0 0 0 0 0 0 0 0 0 0 0 0 0 0 0 0 0 0 0 0 0 0 0 0 0 0 0 0 0 0 0 0 0 0 0 0 0 0 0 0 0 0 0 0 0 0 0 0 0 0 0 0 0 0 0 0 0 0 0 0 0 0 0 0 0 0 0 0 0 0 0 0 0 0 0 0 0 0 0 0 0 0 0 0 0 0 0 0 0 0 0 0 0 0 0 0 0 0 0 0 0 0 0 0 0 0 0 0 0 0 0 0 0 0 0 0 0 0 0 0 0 0 0 0 0 0 0 0 0 0 0 0 0 0 0 0 0 0 0 0 0 0 0 0 0 0 0 0 0 0 0 0 0 0 0 0 0 0 0 0 0 0 0 0 0 0 0 0 0 0 0 0 0 0 0 0 0 0 0 0 0 0 0 0 0 0 0 0 0 0 0 0 0 0 0 0 0 0 0 0 0 0 0 0 0 0 0 0 0 0 0 0 0 0 0 0 0 0 0 0 0 0 0 0 0 0 0 0 0 0 0 0 0 0 0 0 0 0 0 0 0 0 0 0 0 0 0 0 0 0 0 0 0 0 0 0 0 0 0 0 0 0 0 0 0 0 0 0 0 0 0 0 0 0 0 0 0 0 0 0 0 0 0 0 0 0 0 0 0 0 0 0 0 0 0 0 0 0 0 0 0 0 0 0 0 0 0 0 0 0 0 0 0 0 0 0 0 0 0 0 0 0 0 0 0 0 0 0 0 0 0 0 0 0 0 0 0 0 0 0 0 0 0 0 0 0 0 0 0 0 0 0 0 0 0 0 0 0 0 0 0 0 0 0 0 0 0 0 0 0 0 0 0 0 0 0 0 0 0 0 0 0 0 0 0 0 0 0 0 0 0 0 0 0 0 0 0 0 0 0 0 0 0 0 0 0 0 0 0 0 0 0 0 0 0 0 0 0 0 0 0 0 0 0 0 0 0 0 0 0 0 0 0 0 0 0 0 0 0 0 0 0 0 0 0 0 0 0 0 0 0 0 0 0 0 0 0 0 0 0 0 0 0 0 0 0 0 0 0 0 0 0 0 0 0 0 0 0 0 0 0 0 0 0 0 0 0 0 0 0 0 0 0 0 0 0 0 0 0 0 0 0 0 0 0 0 0 0 0 0 0 0 0 0 0 0 0 0 0 0 0 0 0 0 0 0 0 0 0 0 0 0 0 0 0 0 0 0 0 0 0 0 0 0 0 0 0 0 0 0 0 0 0 0 0 0 0 0 0 0 0 0 0 0 0 0 0 0 0 0 0 0 0 0 0 0 0 0 0 0 0 0 0 0 0 0 0 0 0 0 0 0 0 0 0 0 0 0 0 0 0 0 0 0 0 0 0 0 0 0 0 0 0 0 0 0 0 0 0 0 0 0 0 0 0 0 0 0 0 0 0 0 0 0 0 0 0 0 0 0 0 0 0 0 