0 0 0 0 0 0 0 0 0 0 0 0 0 0 0 0 0 0 0 0 0 0 0 0 0 0 0 0 0 0 0 0 0 0 0.000860954 0.00161509 0.00226983 0.00283218 0.00330876 0.00370582 0.00402927 0.00428467 0.00447729 0.00461207 0.00469368 0.00472651 0.00471471 0.00466216 0.00457251 0.00444921 0.00429548 0.00411434 0.00390863 0.00368101 0.00343397 0.00316983 0.00289075 0.00259879 0.00229581 0.00198358 0.00166375 0.00133783 0.00100723 0.000673272 0.000337155 0 0 0.00161509 0.00302981 0.00425806 0.00531299 0.00620702 0.00695188 0.00755865 0.00803777 0.0083991 0.00865194 0.00880504 0.00886663 0.00884449 0.0087459 0.00857773 0.00834643 0.00805804 0.00771823 0.00733234 0.00690534 0.0064419 0.00594639 0.00542287 0.00487515 0.00430679 0.00372107 0.00312109 0.00250968 0.0018895 0.00126301 0.00063248 0 0 0.00226983 0.00425806 0.00598423 0.00746682 0.00872327 0.00977009 0.0106228 0.0112962 0.011804 0.0121593 0.0123745 0.0124611 0.0124299 0.0122914 0.012055 0.01173 0.0113247 0.0108471 0.0103048 0.00970468 0.00905337 0.00835698 0.00762124 0.00685148 0.00605271 0.00522955 0.00438634 0.00352707 0.00265549 0.00177502 0.00088888 0 0 0.00283218 0.00531299 0.00746682 0.00931671 0.0108845 0.0121906 0.0132546 0.0140948 0.0147284 0.0151718 0.0154403 0.0155483 0.0155094 0.0153366 0.0150417 0.0146361 0.0141303 0.0135345 0.0128578 0.012109 0.0112963 0.0104274 0.00950939 0.00854893 0.00755226 0.00652517 0.00547305 0.0044009 0.00331338 0.00221478 0.0011091 0 0 0.00330876 0.00620702 0.00872327 0.0108845 0.012716 0.014242 0.015485 0.0164666 0.0172068 0.0177248 0.0180384 0.0181646 0.0181192 0.0179173 0.0175728 0.0170989 0.0165081 0.0158119 0.0150214 0.0141466 0.0131972 0.0121821 0.0111096 0.00998748 0.00882309 0.00762317 0.00639401 0.00514145 0.00387093 0.00258747 0.00129573 0 0 0.00370582 0.00695188 0.00977009 0.0121906 0.014242 0.015951 0.0173433 0.0184426 0.0192717 0.0198518 0.0202031 0.0203444 0.0202936 0.0200674 0.0196815 0.0191508 0.0184891 0.0177094 0.016824 0.0158442 0.0147809 0.0136439 0.0124427 0.011186 0.00988189 0.00853797 0.00716131 0.00575844 0.00433545 0.00289798 0.00145122 0 0 0.00402927 0.00755865 0.0106228 0.0132546 0.015485 0.0173433 0.018857 0.0200523 0.0209537 0.0215845 0.0219664 0.0221201 0.0220649 0.0218189 0.0213994 0.0208223 0.0201028 0.0192551 0.0182924 0.0172271 0.016071 0.0148348 0.0135287 0.0121623 0.0107444 0.00928318 0.00778635 0.00626104 0.00471385 0.00315091 0.00157788 0 0 0.00428467 0.00803777 0.0112962 0.0140948 0.0164666 0.0184426 0.0200523 0.0213233 0.0222819 0.0229527 0.0233588 0.0235222 0.0234635 0.0232019 0.0227558 0.0221422 0.0213771 0.0204756 0.0194519 0.0183191 0.0170897 0.0157751 0.0143863 0.0129333 0.0114254 0.00987161 0.00827991 0.00665791 0.00501265 0.00335064 0.0016779 0 0 0.00447729 0.0083991 0.011804 0.0147284 0.0172068 0.0192717 0.0209537 0.0222819 0.0232836 0.0239845 0.0244089 0.0245797 0.0245183 0.024245 0.0237788 0.0231376 0.0223381 0.0213961 0.0203264 0.0191427 0.0178579 0.0164843 0.015033 0.0135147 0.0119391 0.0103154 0.00865213 0.00695722 0.00523799 0.00350127 0.00175333 0 0 0.00461207 0.00865194 0.0121593 0.0151718 0.0177248 0.0198518 0.0215845 0.0229527 0.0239845 0.0247065 0.0251437 0.0253196 0.0252563 0.0249748 0.0244946 0.0238341 0.0230105 0.0220402 0.0209382 0.0197189 0.0183955 0.0169805 0.0154856 0.0139215 0.0122985 0.0106259 0.00891258 0.00716665 0.00539567 0.00360667 0.00180611 0 0 0.00469368 0.00880504 0.0123745 0.0154403 0.0180384 0.0202031 0.0219664 0.0233588 0.0244089 0.0251437 0.0255886 0.0257676 0.0257033 0.0254168 0.024928 0.0242558 0.0234177 0.0224302 0.0213087 0.0200678 0.018721 0.017281 0.0157596 0.0141678 0.0125161 0.0108139 0.00907029 0.00729346 0.00549115 0.00367049 0.00183807 0 0 0.00472651 0.00886663 0.0124611 0.0155483 0.0181646 0.0203444 0.0221201 0.0235222 0.0245797 0.0253196 0.0257676 0.0259479 0.0258831 0.0255946 0.0251024 0.0244255 0.0235815 0.0225871 0.0214578 0.0202082 0.018852 0.0174019 0.0158698 0.014267 0.0126037 0.0108896 0.00913374 0.00734448 0.00552956 0.00369616 0.00185093 0 0 0.00471471 0.00884449 0.0124299 0.0155094 0.0181192 0.0202936 0.0220649 0.0234635 0.0245183 0.0252563 0.0257033 0.0258831 0.0258184 0.0255306 0.0250397 0.0243645 0.0235226 0.0225307 0.0214042 0.0201578 0.0188049 0.0173584 0.0158302 0.0142313 0.0125722 0.0108624 0.00911093 0.00732614 0.00551575 0.00368693 0.00184631 0 0 0.00466216 0.0087459 0.0122914 0.0153366 0.0179173 0.0200674 0.0218189 0.0232019 0.024245 0.0249748 0.0254168 0.0255946 0.0255306 0.0252461 0.0247606 0.0240929 0.0232604 0.0222796 0.0211656 0.0199331 0.0185953 0.0171649 0.0156537 0.0140727 0.012432 0.0107413 0.00900937 0.00724448 0.00545427 0.00364583 0.00182573 0 0 0.00457251 0.00857773 0.012055 0.0150417 0.0175728 0.0196815 0.0213994 0.0227558 0.0237788 0.0244946 0.024928 0.0251024 0.0250397 0.0247606 0.0242845 0.0236297 0.0228132 0.0218512 0.0207587 0.0195498 0.0182377 0.0168349 0.0153527 0.0138021 0.012193 0.0105348 0.00883614 0.00710518 0.00534939 0.00357573 0.00179062 0 0 0.00444921 0.00834643 0.01173 0.0146361 0.0170989 0.0191508 0.0208223 0.0221422 0.0231376 0.0238341 0.0242558 0.0244255 0.0243645 0.0240929 0.0236297 0.0229925 0.022198 0.0212619 0.0201989 0.0190226 0.0177459 0.0163809 0.0149387 0.0134299 0.0118642 0.0102507 0.00859786 0.00691358 0.00520514 0.00347931 0.00174234 0 0 0.00429548 0.00805804 0.0113247 0.0141303 0.0165081 0.0184891 0.0201028 0.0213771 0.0223381 0.0230105 0.0234177 0.0235815 0.0235226 0.0232604 0.0228132 0.022198 0.021431 0.0205273 0.019501 0.0183653 0.0171328 0.0158149 0.0144226 0.0129659 0.0114543 0.0098965 0.00830078 0.0066747 0.00502529 0.00335909 0.00168213 0 0 0.00411434 0.00771823 0.0108471 0.0135345 0.0158119 0.0177094 0.0192551 0.0204756 0.0213961 0.0220402 0.0224302 0.0225871 0.0225307 0.0222796 0.0218512 0.0212619 0.0205273 0.0196616 0.0186786 0.0175909 0.0164103 0.015148 0.0138144 0.0124191 0.0109712 0.00947917 0.00795074 0.00639323 0.00481338 0.00321744 0.0016112 0 0 0.00390863 0.00733234 0.0103048 0.0128578 0.0150214 0.016824 0.0182924 0.0194519 0.0203264 0.0209382 0.0213087 0.0214578 0.0214042 0.0211656 0.0207587 0.0201989 0.019501 0.0186786 0.0177447 0.0167114 0.0155898 0.0143906 0.0131237 0.0117982 0.0104227 0.00900523 0.00755323 0.00607358 0.00457272 0.00305657 0.00153064 0 0 0.00368101 0.00690534 0.00970468 0.012109 0.0141466 0.0158442 0.0172271 0.0183191 0.0191427 0.0197189 0.0200678 0.0202082 0.0201578 0.0199331 0.0195498 0.0190226 0.0183653 0.0175909 0.0167114 0.0157382 0.0146819 0.0135526 0.0123594 0.0111111 0.00981573 0.00848082 0.00711336 0.00571989 0.00430643 0.00287857 0.00144151 0 0 0.00343397 0.0064419 0.00905337 0.0112963 0.0131972 0.0147809 0.016071 0.0170897 0.0178579 0.0183955 0.018721 0.018852 0.0188049 0.0185953 0.0182377 0.0177459 0.0171328 0.0164103 0.0155898 0.0146819 0.0136966 0.012643 0.01153 0.0103654 0.00915697 0.00791164 0.00663597 0.00533601 0.00401741 0.00268538 0.00134476 0 0 0.00316983 0.00594639 0.00835698 0.0104274 0.0121821 0.0136439 0.0148348 0.0157751 0.0164843 0.0169805 0.017281 0.0174019 0.0173584 0.0171649 0.0168349 0.0163809 0.0158149 0.015148 0.0143906 0.0135526 0.012643 0.0116705 0.0106431 0.0095681 0.00845261 0.00730307 0.00612552 0.00492556 0.00370839 0.00247882 0.00124132 0 0 0.00289075 0.00542287 0.00762124 0.00950939 0.0111096 0.0124427 0.0135287 0.0143863 0.015033 0.0154856 0.0157596 0.0158698 0.0158302 0.0156537 0.0153527 0.0149387 0.0144226 0.0138144 0.0131237 0.0123594 0.01153 0.0106431 0.00970605 0.00872573 0.00770844 0.00666011 0.00558623 0.00449192 0.0033819 0.00226059 0.00113204 0 0 0.00259879 0.00487515 0.00685148 0.00854893 0.00998748 0.011186 0.0121623 0.0129333 0.0135147 0.0139215 0.0141678 0.014267 0.0142313 0.0140727 0.0138021 0.0134299 0.0129659 0.0124191 0.0117982 0.0111111 0.0103654 0.0095681 0.00872573 0.00784442 0.00692988 0.00598743 0.00502202 0.00403823 0.00304033 0.00203227 0.0010177 0 0 0.00229581 0.00430679 0.00605271 0.00755226 0.00882309 0.00988189 0.0107444 0.0114254 0.0119391 0.0122985 0.0125161 0.0126037 0.0125722 0.012432 0.012193 0.0118642 0.0114543 0.0109712 0.0104227 0.00981573 0.00915697 0.00845261 0.00770844 0.00692988 0.00612197 0.00528939 0.00443653 0.00356743 0.00268587 0.00179534 0.000899051 0 0 0.00198358 0.00372107 0.00522955 0.00652517 0.00762317 0.00853797 0.00928318 0.00987161 0.0103154 0.0106259 0.0108139 0.0108896 0.0108624 0.0107413 0.0105348 0.0102507 0.0098965 0.00947917 0.00900523 0.00848082 0.00791164 0.00730307 0.00666011 0.00598743 0.00528939 0.00457005 0.00383317 0.00308227 0.0023206 0.00155117 0.000776782 0 0 0.00166375 0.00312109 0.00438634 0.00547305 0.00639401 0.00716131 0.00778635 0.00827991 0.00865213 0.00891258 0.00907029 0.00913374 0.00911093 0.00900937 0.00883614 0.00859786 0.00830078 0.00795074 0.00755323 0.00711336 0.00663597 0.00612552 0.00558623 0.00502202 0.00443653 0.00383317 0.00321511 0.00258528 0.00194643 0.00130106 0.000651534 0 0 0.00133783 0.00250968 0.00352707 0.0044009 0.00514145 0.00575844 0.00626104 0.00665791 0.00695722 0.00716665 0.00729346 0.00734448 0.00732614 0.00724448 0.00710518 0.00691358 0.0066747 0.00639323 0.00607358 0.00571989 0.00533601 0.00492556 0.00449192 0.00403823 0.00356743 0.00308227 0.00258528 0.00207884 0.00156513 0.00104619 0.000523901 0 0 0.00100723 0.0018895 0.00265549 0.00331338 0.00387093 0.00433545 0.00471385 0.00501265 0.00523799 0.00539567 0.00549115 0.00552956 0.00551575 0.00545427 0.00534939 0.00520514 0.00502529 0.00481338 0.00457272 0.00430643 0.00401741 0.00370839 0.0033819 0.00304033 0.00268587 0.0023206 0.00194643 0.00156513 0.00117837 0.000787662 0.000394438 0 0 0.000673272 0.00126301 0.00177502 0.00221478 0.00258747 0.00289798 0.00315091 0.00335064 0.00350127 0.00360667 0.00367049 0.00369616 0.00368693 0.00364583 0.00357573 0.00347931 0.00335909 0.00321744 0.00305657 0.00287857 0.00268538 0.00247882 0.00226059 0.00203227 0.00179534 0.00155117 0.00130106 0.00104619 0.000787662 0.000526502 0.000263657 0 0 0.000337155 0.00063248 0.00088888 0.0011091 0.00129573 0.00145122 0.00157788 0.0016779 0.00175333 0.00180611 0.00183807 0.00185093 0.00184631 0.00182573 0.00179062 0.00174234 0.00168213 0.0016112 0.00153064 0.00144151 0.00134476 0.00124132 0.00113204 0.0010177 0.000899051 0.000776782 0.000651534 0.000523901 0.000394438 0.000263657 0.000132032 0 0 0 0 0 0 0 0 0 0 0 0 0 0 0 0 0 0 0 0 0 0 0 0 0 0 0 0 0 0 0 0 0 0 